image: base-3.png
resolution: 0.05
origin: [13.924999809265136, 13.924999809265136, 0.0000]
negate: 0
occupied_thresh: 0.65
free_thresh: 0.196
